МАТРИЦА ЛИНЕЙНОЙ МОДЕЛИ:
[[  0.  -4.  -8. -12. -16. -20. -24.]
 [ -4.   1.  -3.  -7. -11. -15. -19.]
 [ -8.  -3.   2.  -2.  -6. -10. -14.]
 [-12.  -7.  -2.   1.  -3.  -7. -11.]
 [-16. -11.  -6.  -3.   0.  -4.  -8.]
 [-20. -15. -10.  -5.  -4.   1.  -3.]
 [-24. -19. -14.  -9.  -6.  -3.   0.]
 [-28. -23. -18. -13. -10.  -7.  -4.]
 [-32. -27. -22. -17. -14.  -9.  -8.]
 [-36. -31. -26. -21. -18. -13. -10.]
 [-40. -35. -30. -25. -22. -17. -14.]
 [-44. -39. -34. -29. -26. -21. -18.]
 [-48. -43. -38. -33. -30. -25. -22.]
 [-52. -47. -42. -37. -34. -29. -26.]
 [-56. -51. -46. -41. -38. -33. -30.]
 [-60. -55. -50. -45. -42. -37. -34.]]

ВЫРАВНИВАНИЕ (линейная модель):
X: ATGCAGCAGCAGCCA
Y: AT-----A-TA---T
SCORE: -34

МАТРИЦА M (совпадения/несовпадения) для аффинной модели:
[[   0. -999. -999. -999. -999. -999. -999.]
 [-999.    1.  -11.  -10.  -13.  -12.  -15.]
 [-999.  -11.    2.  -10.   -9.  -12.  -11.]
 [-999.  -12.  -10.    1.   -9.  -10.  -11.]
 [-999.  -13.  -11.   -9.    0.  -10.  -11.]
 [-999.  -12.  -12.   -8.  -10.    1.  -11.]
 [-999.  -15.  -13.  -11.   -9.  -11.    0.]
 [-999.  -16.  -14.  -12.  -12.  -10.  -10.]
 [-999.  -15.  -15.  -11.  -13.  -11.  -11.]
 [-999.  -18.  -16.  -14.  -12.  -14.  -12.]
 [-999.  -19.  -17.  -15.  -15.  -13.  -13.]
 [-999.  -18.  -18.  -14.  -16.  -14.  -14.]
 [-999.  -21.  -19.  -17.  -15.  -17.  -15.]
 [-999.  -22.  -20.  -18.  -18.  -16.  -16.]
 [-999.  -23.  -21.  -19.  -19.  -19.  -17.]
 [-999.  -22.  -22.  -18.  -20.  -18.  -18.]]

ВЫРАВНИВАНИЕ (аффинная модель):
X: ATGCAGCAGCAGCCA
Y: ATATA---------T
SCORE: -18.0


Аффинная модель лучше описывает реальные биологические процессы, потому что вставки/делеции в эволюции происходят как единичные события, например, если в гене потерялся целый экзон, то это одно эволюционное событие. Линейная модель размазывает гэпы, что менее реалистично. 